0100100000020130927
0100101000020150909
0100200000020140910
0100201000020140918
0100202000020150121
0100203000020150205
0100204000020150331
0100300000020141017
0100311000020141020
0100400000020141030
0100499000020141031
0102900000020130927
0102901000020140826
0102902000020140829
0102903000020141031
0103000000020130927
0103100000020130927
0103101000020140312
0103102000020140425
0103103000020140620
0103104000020141111
0103111000020141211
0103200000020130927
0103201000020140307
0103202000020140709
0103203000020140709
0103204000020140725
0105200000020130927
0105300000020130927
0110600000020130927
0154700000020150215
0154711000020150309
0163200000020130927
0163201000020140527
0163202000020140630
0163203000020140804
0163204000020141230
0163211000020160106
0174100000020130927
0174101000020140627
0174102000020140804
0174103000020140809
0174104000020141215
0174105000020150506
0222000000020150126
0227500000020130927
0227500000120150722
0227501000020140505
0227502000020140508
0227503000020140830
0227511000020150428
0227512000020150615
0227513000020150709
0227514000020150803
0227600000020150120
0227600000120150416
0227600000220150421
0227600000320150509
0227600000420150514
0227600000520150716
0227601000020150203
0227602000020150828
0227611000020150206
0227612000020150212
0227613000020150408
0227614000020150417
0227615000020150519
0227616000020150924
0227617000020151028
0227618000020160105
0237900000020150309
0362300000020130927
0362400000020131206
0362500000020151230
0364600000020151230
0364601000020160108
0364611000020160119
0364612000020160204
0364618000020160114
0364619000020160202
0377300000020150121
0377318000020150126
0400100000020130927
0400101000020140630
0400103000020140728
0400300000020130927
0400400000020130927
0400401000020141010
0400402000020140702
0400403000020140702
0400404000020150619
0400411000020141103
0400412000020150113
0400416000020150528
0429100000020130927
0429100000120150703
0429101000020140609
0429102000020140630
0429103000020140719
0429104000020160113
0429200000020130927
0429300000020140331
0429301000020140429
0462100000020150108
0462111000020150202
0480300000020140831
0480300000120150728
0480301000020141227
0480311000020150729
0500100000020130823
0500100000120131025
0500100000220131025
0500100000320131025
0500100000420131025
0500100000520131025
0500100000620131025
0500100000720131025
0500100000820131025
0500100000920131025
0500100001020131025
0500100001120131025
0500100001220131025
0500100001320131025
0500100001420131025
0500100001520131025
0500100001620131025
0500100001720131025
0500100001820131025
0500100001920131025
0500100002020131025
0500100002120131025
0500100002220131025
0500100002320131025
0500100002420131025
0500100002520131025
0500100002620131025
0500100002720131025
0500100002820131025
0500100002920131025
0500100003020131025
0500100003120131025
0500100003220131025
0500100003320131025
0500100003420131025
0500100003520131025
0500100003620131025
0500100003720131025
0500100003820131025
0500100003920131025
0500100004020131025
0500100004120131025
0500100004220131025
0500100004320131025
0500100004420131025
0500100004520131025
0500100004620131025
0500100004720131025
0500100004820131025
0500100004920131025
0500100005020131025
0500101000020130823
0500102000020130928
0500103000020130928
0500104000020130928
0500105000020130928
0500106000020130928
0500107000020130928
0500108000020130928
0500109000020130928
0500110000020130928
0500111000020130928
0500112000020130928
0500113000020130928
0500114000020130929
0500115000020130929
0500116000020130929
0500117000020130929
0500118000020130929
0500119000020131119
0500120000020131018
0500121000020131018
0500122000020131018
0500123000020131018
0500124000020131018
0500125000020131018
0500126000020131018
0500127000020131018
0500128000020131018
0500129000020131018
0500130000020131025
0500131000020131025
0500132000020131129
0500133000020140508
0500134000020140525
0500135000020140525
0500136000020150923
0500137000020150923
0500138000020150923
0500139000020150923
0500140000020150923
0500141000020150923
0500142000020150923
0500143000020150923
0500144000020150923
0500145000020150923
0500146000020150923
0500147000020150923
0500148000020150923
0500149000020150923
0500150000020150923
0500151000020150923
0500152000020151014
0500153000020151014
0500154000020151014
0500155000020151026
0500156000020160120
0500157000020160126
0500158000020160126
0500200000020130926
0500200000120150605
0500200000220150624
0500200000520150818
0500201000020150424
0500202000020150630
0500203000020150714
0500211000020151110
0500300000020131017
0500300000120150114
0500300000220150114
0500300000320150114
0500300000420150114
0500300000520150114
0500300000620150114
0500300000720150114
0500300000820150114
0500300000920150114
0500300001020150114
0500300001120150115
0500300001220150115
0500300001320150115
0500300001420150115
0500300001520150115
0500300001620150115
0500300001720150115
0500301000020141124
0500302000020141124
0500303000020141124
0500304000020141124
0500305000020141124
0500306000020141124
0500307000020141124
0500308000020141124
0500309000020141124
0500310000020141124
0500311000020150114
0500312000020150114
0500313000020150115
0500400000020131017
0500500000020131017
0500600000020140828
0500700000020150105
0500800000020150119
0503900000020130927
0503901000020131024
0504600000020130927
0504602000020140917
0505400000020130927
0505401000020140719
0505402000020140723
0505500000020130927
0505501000020140624
0505502000020140624
0505700000020130927
0505800000020130927
0505801000020131211
0505802000020140622
0505803000020140622
0505900000020130927
0506000000020130927
0506001000020140627
0506002000020140730
0506100000020130927
0507300000020130927
0508800000020130927
0508900000020130927
0508901000020140226
0508902000020140310
0511600000020130927
0511601000020130928
0511602000020130928
0511700000020130927
0511800000020130927
0511900000020130927
0512000000020130927
0516000000020130927
0516001000020140731
0517000000020130927
0518000000020130927
0519000000020130927
0521200000020130927
0521200000120151014
0521200000220151015
0521200000320151028
0521201000020140730
0521202000020140801
0521203000020140801
0521204000020141016
0521205000020141119
0521211000020131118
0521212000020141127
0521213000020150307
0521214000020150514
0521300000020130927
0521400000020130927
0521500000020130927
0521510000020131016
0521600000020150114
0521601000020150331
0521602000020150424
0521603000020150519
0521611000020150120
0521612000020150427
0521613000020150427
0521614000020150428
0521615000020150428
0521616000020150522
0521617000020150522
0521618000020150624
0524900000020130927
0524901000020130928
0524902000020130928
0524903000020140106
0524904000020150703
0524905000020151026
0524988000020151028
0527400000020130927
0527500000020130927
0527600000020130927
0527700000020130927
0527800000020130927
0527900000020130927
0535900000020130927
0536000000020151231
0554300000020151028
0554302000020151116
0570000000020150124
0570001000020150416
0570011000020150207
0570012000020150416
0570013000020150526
0570014000020150528
0570015000020150305
0570016000020150306
0570017000020150225
0570018000020150324
0570019000020150209
0570020000020150612
0570021000020150707
0570022000020150727
0574700000020150921
0574701000020151010
0574702000020151223
0574711000020151010
0600100000020130927
0600101000020140917
0600102000020141027
0600103000020140918
0600111000020140922
0600200000020130927
0600201000020140831
0600202000020140831
0600203000020140903
0600211000020151217
0600212000020151228
0600300000020130927
0600301000020140828
0600302000020140828
0600303000020140828
0600304000020140918
0600400000020130927
0600401000020140529
0600402000020140818
0600403000020140818
0600404000020150119
0600500000020130927
0600501000020140806
0600502000020150701
0600511000020150921
0600600000020130927
0600601000020150526
0600602000020150528
0600700000020140813
0600800000020140901
0600900000020140906
0600911000020140922
0601000000020140909
0601011000020141014
0601012000020141106
0601100000020140910
0601101000020141012
0601102000020141012
0601103000020141128
0601104000020150629
0601111000020141014
0601112000020141120
0601200000020140925
0601201000020150917
0601202000020151218
0601203000020151225
0601300000020141014
0601301000020150813
0601311000020141016
0601348000020150917
0601400000020150205
0601500000020150122
0601501000020150204
0601502000020150205
0601503000020150205
0601511000020151130
0601600000020150128
0601601000020150304
0601611000020150204
0601700000020150203
0601711000020150328
0601800000020150310
0601801000020150310
0601802000020150311
0601803000020150313
0601804000020150323
0601811000020150310
0601812000020150407
0601813000020150408
0601814000020150410
0601815000020150414
0601816000020151114
0603200000020140911
0603200000120150323
0603201000020140928
0603202000020140928
0603203000020141217
0603211000020150409
0603300000020141009
0603300000120141110
0603300000220141117
0603300000320141117
0603300000420141204
0603300000520150112
0603300000620150212
0603300000720150328
0603300000820150408
0603301000020141027
0603302000020150113
0603303000020150917
0603311000020141027
0603312000020141107
0603315000020150112
0603400000020160112
0611100000020130927
0611100000120151209
0611101000020140613
0611102000020140613
0611103000020151224
0611111000020140807
0611113000020150307
0611200000020130927
0611300000020130927
0611301000020140617
0611302000020140617
0611303000020150509
0611304000020150523
0611305000020150922
0611306000020151013
0611400000020130927
0611400000120151212
0611401000020140630
0611402000020140630
0611403000020150330
0611411000020140807
0611412000020150509
0611500000020130927
0611501000020150108
0611600000020140812
0611601000020140820
0611602000020140918
0611603000020140928
0611700000020140831
0611701000020141128
0611702000020151009
0611800000020140831
0611801000020150609
0611802000020160108
0611900000020141226
0611911000020150507
0612000000020150115
0612001000020151012
0612011000020151030
0612012000020151211
0612100000020150115
0612101000020151229
0612102000020160108
0612200000020151231
0612201000020160106
0612300000020160104
0620600000020130927
0620601000020140829
0620602000020140829
0620603000020140829
0620604000020150703
0620700000020141202
0620701000020141219
0620702000020141229
0620703000020150409
0620704000020150414
0620705000020150717
0620711000020141205
0620713000020150722
0620714000020150826
0620800000020150109
0620801000020150609
0620802000020150611
0620811000020150205
0620812000020150324
0624200000020130927
0624201000020131230
0624202000020140116
0624203000020140215
0624204000020140831
0624205000020150416
0624206000020150423
0624207000020150515
0624208000020150731
0624209000020150815
0624210000020150820
0624211000020150423
0624212000020150811
0624300000020130927
0624400000020130927
0624401000020140613
0624402000020140616
0624411000020150528
0624500000020130927
0624501000020140813
0624502000020140813
0624600000020130927
0624601000020140627
0624602000020140709
0624603000020140731
0624604000020150909
0624611000020150928
0624700000020130927
0624701000020140626
0624702000020140721
0624703000020140722
0624704000020150408
0624711000020140626
0624712000020150114
0624713000020150119
0624714000020150617
0624800000020130927
0624801000020140108
0624802000020140108
0624803000020150410
0624804000020150418
0624811000020150303
0624900000020140701
0624901000020140830
0624902000020140829
0625000000020140922
0625001000020141012
0625002000020141101
0625011000020141205
0625100000020150106
0625111000020150205
0625200000020150107
0625201000020150416
0625202000020150416
0625203000020150416
0625211000020150203
0625212000020150522
0625300000020150114
0625311000020150304
0625312000020150408
0625313000020150417
0625314000020150923
0625315000020151209
0625316000020160125
0625318000020150122
0625400000020150129
0625401000020150318
0625402000020150519
0625403000020150521
0625411000020150321
0625500000020150129
0629700000020130927
0633100000020130927
0633101000020140718
0633102000020140723
0633103000020140723
0633104000020140923
0633111000020150428
0633112000020150526
0633113000020150528
0633114000020150615
0633200000020130927
0633201000020140725
0633202000020140830
0633203000020140830
0633204000020150806
0633300000020130927
0633300000120150602
0633301000020140623
0633302000020140701
0633303000020140822
0633304000020141218
0633311000020150611
0633400000020130927
0633401000020140703
0633402000020140827
0633403000020140827
0634900000020130927
0634900000120150716
0634901000020140829
0634902000020140829
0634903000020140829
0634904000020140905
0634905000020150103
0634911000020150125
0634912000020150212
0634913000020150307
0634914000020150408
0634915000020150428
0634916000020151110
0635000000020130927
0635001000020140512
0635002000020140617
0635003000020140911
0635004000020150109
0635100000020141215
0635100000120150303
0635101000020150114
0635102000020150116
0635103000020150121
0635111000020141225
0635112000020150202
0635200000020150106
0635211000020150202
0635212000020151228
0647000000020150131
0647000000120150318
0647000000220150629
0647000000320150804
0647000000420150804
0647000000520150923
0647000000620150925
0647000000720151012
0647001000020150407
0647002000020150528
0647011000020150303
0647012000020150424
0647013000020151005
0649500000020130927
0649500000120150717
0649500000220151030
0649501000020140326
0649502000020140620
0649503000020140909
0649511000020150806
0649600000020130927
0649601000020150328
0649602000020160113
0649700000020140829
0649701000020140916
0649702000020141029
0649703000020141128
0649711000020151231
0649800000020140901
0649801000020140903
0649802000020141008
0649811000020140915
0649812000020141121
0649813000020141225
0649814000020150131
0649815000020150314
0649816000020150401
0649817000020150616
0649900000020141008
0649901000020150519
0649902000020150624
0649911000020141009
0649912000020150424
0650000000020150107
0650100000020150108
0650111000020150430
0650200000020150203
0650200000120150810
0650201000020150509
0650202000020150513
0650203000020150807
0650211000020150208
0650212000020150514
0655500000020130927
0655500000120150911
0655500000220150911
0655501000020140225
0655502000020140227
0655503000020140227
0655504000020141226
0655511000020150313
0655512000020150602
0655513000020150708
0655514000020150710
0655515000020151114
0655600000020130927
0655601000020140702
0655602000020140727
0655603000020140818
0655604000020140818
0655611000020141205
0655612000020150402
0655613000020150430
0655700000020130927
0655701000020140626
0655702000020140829
0655703000020150410
0655800000020130927
0655801000020140409
0655802000020140627
0655803000020140627
0655804000020150313
0655805000020150519
0655811000020150124
0655812000020150416
0662100000020130927
0662200000020130927
0662200000120160106
0662201000020140329
0662202000020140811
0662203000020140820
0662204000020141226
0662205000020150127
0662206000020150418
0662207000020160104
0662300000020150119
0662301000020151123
0662302000020151123
0662303000020151230
0662311000020150311
0667100000020130927
0667101000020140709
0667102000020140709
0667103000020150203
0667111000020150416
0667112000020151015
0667113000020151225
0667200000020130927
0667201000020140702
0667202000020140709
0667203000020140710
0667204000020141023
0667205000020150319
0667288000020151010
0669100000020130927
0669100000120150514
0669101000020140117
0669102000020140117
0669103000020140120
0669104000020140213
0669105000020140214
0669106000020140214
0669111000020140611
0669112000020140715
0669113000020150131
0669118000020150506
0669200000020130927
0669300000020130927
0669301000020140829
0669302000020140829
0669303000020140829
0669311000020150324
0679500000020130927
0679501000020140820
0679502000020140820
0679503000020140820
0679511000020150807
0679600000020130927
0679601000020131227
0679602000020140113
0679603000020140307
0679604000020140714
0679605000020140717
0679606000020141114
0679607000020150410
0679611000020150723
0679612000020150902
0679613000020150918
0679618000020160111
0679699000020151202
0700100000020130927
0700200000020130927
0700201000020140711
0700202000020140901
0700203000020151123
0708100000020130927
0740100000020130927
0740200000020130927
0740201000020140629
0740202000020140630
0740203000020140630
0740300000020141027
0740301000020150126
0740302000020150128
0740400000020150205
0740411000020150310
0740412000020150420
0740413000020150418
0740414000020150420
0740415000020150507
0757100000020150101
0757100000120150317
0757100000220150716
0757101000020150105
0757102000020150701
0757111000020150106
0757112000020150330
0757113000020150328
0757114000020150415
0763000000020130927
0763001000020140523
0763002000020140523
0763003000020150401
0763004000020160115
0763011000020140307
0763012000020140523
0763100000020141027
0763111000020141028
0763200000020150109
0763201000020150115
0763211000020150117
0763213000020150330
0763214000020150416
0763300000020160112
0763311000020160126
0773500000020150309
0773511000020150526
0773512000020150626
0773513000020150722
0773514000020150728
0773515000020150730
0773516000020150817
0773517000020150813
0800100000020130927
0800200000020130927
0800300000020130927
0800301000020131228
0800302000020140220
0800303000020140528
0800304000020140528
0800305000020140707
0800306000020140828
0800311000020140314
0800400000020140529
0800411000020140530
0800412000020140530
0800413000020140530
0800414000020140530
0800415000020140530
0800416000020140530
0800417000020140530
0800418000020140530
0800419000020140530
0800420000020140530
0800421000020140530
0800422000020140530
0800423000020140530
0800424000020140530
0800425000020140530
0800426000020140530
0800427000020140530
0800428000020140530
0800429000020140530
0800430000020140530
0800431000020140530
0800432000020140530
0800433000020140530
0800434000020140530
0800435000020140530
0800436000020140530
0800437000020140530
0800438000020140530
0800439000020140530
0800440000020140530
0800441000020140530
0800442000020140530
0800443000020140530
0800444000020140530
0800445000020140530
0800446000020140530
0800447000020140530
0800448000020140916
0800449000020140916
0800450000020140916
0800451000020140916
0800452000020150511
0800500000020140829
0800500000120150702
0800500000220150906
0800501000020150602
0800502000020160203
0800511000020140831
0800512000020140901
0800513000020140922
0800514000020140923
0800515000020141028
0800516000020141129
0800517000020141226
0800518000020150325
0800519000020151109
0800600000020141111
0800611000020141113
0800700000020150101
0800711000020150209
0800712000020150324
0800713000020150507
0800800000020130927
0800801000020140102
0800802000020140103
0800803000020140106
0800804000020140301
0800805000020140315
0800900000020130927
0801000000020150116
0801011000020150121
0801012000020150128
0801013000020150128
0801014000020150128
0801015000020150204
0801100000020150116
0801100000120151009
0801101000020150204
0801102000020150710
0801111000020150202
0801112000020150206
0801113000020150325
0801114000020150626
0801115000020151021
0801116000020151026
0801118000020151009
0801200000020130927
0801201000020140723
0801202000020140819
0801203000020140929
0801204000020141211
0801205000020141211
0801206000020141211
0801300000020130927
0801302000020140123
0801400000020130927
0801401000020140905
0801402000020150810
0801403000020151008
0801404000020151116
0801500000020151202
0801501000020151211
0801511000020160115
0801512000020160127
0801600000020151231
0801601000020160108
0801602000020160108
0801603000020160114
0801604000020160108
0801700000020130927
0801701000020140410
0801800000020160103
0801801000020160125
0801900000020160104
0802000000020160104
0802001000020160129
0802011000020160206
0802100000020160112
0802101000020160114
0802102000020160129
0802600000020130927
0802601000020140114
0802602000020140115
0802603000020140314
0802604000020141010
0802605000020141017
0802611000020140116
0802612000020140315
0802613000020140315
0802700000020130927
0802701000020140317
0802702000020150203
0804500000020130927
0804501000020140115
0804502000020140211
0804503000020140321
0804504000020140404
0804505000020150916
0809500000020130927
0809600000020130927
0809600000120160108
0809601000020140531
0809602000020140627
0809603000020140724
0809604000020140820
0809605000020140830
0809611000020150831
0809612000020151215
0809613000020151225
0809700000020130927
0809701000020150907
0809800000020130927
0809900000020130927
0810000000020130927
0810011000020140316
0811900000020131017
0811901000020140118
0811902000020140118
0811903000020140226
0811904000020160112
0811911000020150407
0811912000020150415
0811913000020150831
0814600000020130927
0814700000020130927
0815500000020130927
0815501000020140117
0815502000020141015
0815503000020141015
0815504000020150113
0815505000020150201
0815511000020150113
0815512000020150125
0815513000020150202
0815514000020150418
0815515000020150505
0815516000020150519
0815517000020150606
0815518000020150713
0815519000020150805
0815520000020150819
0817000000020130927
0817001000020150131
0817002000020150320
0817100000020130927
0817200000020130927
0830400000020140912
0830401000020141212
0830411000020141215
0830412000020141225
0830418000020140923
0830419000020150104
0830420000020150427
0852000000020130927
0852001000020140619
0852002000020140630
0852003000020140909
0852100000020140906
0852101000020150120
0866900000020150108
0866900000120151105
0866900000220160201
0866901000020160202
0866911000020150728
0866912000020150723
0866913000020150727
0866914000020150828
0866915000020150814
0866916000020150901
0866917000020150922
0866918000020151030
0866919000020151201
0866922000020150922
0872000000020130927
0872001000020150131
0872002000020151012
0872011000020150128
0872012000020150509
0872100000020130927
0872100000120150828
0872100000220150828
0872100000320150828
0872100000420150828
0872100000520150828
0872100000620150828
0872101000020140428
0872102000020140428
0872103000020140904
0872104000020140904
0872105000020141022
0872111000020141226
0872112000020150122
0872113000020150410
0872114000020150410
0872115000020150410
0872116000020150615
0872117000020150429
0872200000020140911
0872201000020141112
0872202000020150328
0872203000020150330
0872204000020150330
0872211000020141104
0872212000020150308
0872213000020150413
0872214000020151013
0872300000020150122
0872300000120150713
0872300000220150713
0872300000320150824
0872301000020150122
0872302000020150423
0872311000020150211
0872312000020150326
0872313000020150427
0872314000020150505
0872315000020150526
0872400000020151202
0872401000020151209
0872402000020151209
0872411000020151207
0872500000020150921
0872511000020151022